200
65840615727
24802826951
42614151673
74518421683
14442753191
89427872229
19770434299
83301076377
3966538159
26749123805
70502886079
73540431839
1024189129
8524152845
43331330357
38841652245
27200675627
61611056091
11928898149
21894781641
62402561579
65522094071
15138028181
34392546743
80046022657
82006940617
64843823311
89308803141
44456803817
45091526267
29347387149
12642216879
32399526949
60216779793
85875954147
65728161271
81321344895
55782158509
4273960809
90723197069
29828087265
29617093269
25473980845
95250908941
65102998765
44962537547
46377321395
33647138465
31649511251
84734969097
23252000685
60482041977
13506715217
61881429807
81120125553
74093685033
91874367773
5778643781
3030538717
4698398727
82250028115
45116775439
22189578419
60136985377
34567916475
45711280593
40363930313
98686479455
2545175245
29722742475
34917663435
261715033
95992686503
24860052473
7548314895
72176711213
2944153445
72505084827
86265315915
42198751267
55749353281
55793212935
30776957199
61522774051
65080717597
98723105557
8732133889
78700672069
6649108161
60653374637
58067376579
16246053657
97994362189
82063568449
72232843639
21265829923
56204338075
89067575293
58338463405
57471025691
1
2
3
4
5
6
7
8
9
10
11
12
13
14
15
16
17
18
19
20
21
22
23
24
25
26
27
28
29
30
31
32
33
34
35
36
37
38
39
40
41
42
43
44
45
46
47
48
49
50
51
52
53
54
55
56
57
58
59
60
61
62
63
64
65
66
67
68
69
70
71
72
73
74
75
76
77
78
79
80
81
82
83
84
85
86
87
88
89
90
91
92
93
94
95
96
97
98
99
100
