100
62 9 52 30
-19 5 39 79
-87 93 -42 -4
-99 10 -54 -5
-48 55 -11 -83
-75 -32 -70 -70
-5 51 96 17
-93 -10 73 8
-84 45 -13 24
-89 -73 -21 -80
92 100 -93 86
-61 0 -85 30
44 29 47 5
-41 56 9 -81
-8 -91 34 64
-16 -45 -32 26
56 92 52 -39
66 31 -23 39
30 -65 90 -55
-42 35 -79 37
-56 -45 -41 -5
-24 -11 60 -26
-43 -95 24 -91
-26 -74 -74 100
-14 -63 2 11
-32 -17 57 -20
-95 38 -84 0
2 83 -9 -76
52 -28 66 -60
36 -48 71 92
-58 34 78 -14
30 -31 -24 -19
-28 -85 25 -5
61 5 36 -12
-47 -84 -92 18
-79 -74 -97 25
17 73 31 -65
99 60 21 -50
-32 -34 27 -11
-1 -25 -22 86
78 -79 37 -41
22 35 34 -56
-39 14 52 -58
-86 -20 53 -20
51 -31 -97 -82
-12 -48 78 -78
-80 80 -38 -74
9 -67 61 15
-81 -91 -40 -73
-85 24 -41 57
-38 -76 -6 17
76 -11 -36 -88
-1 63 44 -95
-68 63 28 97
14 -73 -50 40
38 -84 87 23
-90 -31 -42 -4
-47 67 81 48
-67 -71 -61 -97
-78 -72 -6 43
-95 94 53 92
62 -71 -14 55
-77 66 -59 51
15 38 56 -70
95 13 65 -45
-68 67 73 46
-80 -21 -86 48
93 57 32 52
-19 17 -5 88
71 85 -53 75
21 -61 33 14
-38 -1 38 57
-5 -83 96 -71
-29 43 -22 35
-9 72 -8 96
-66 85 58 -87
-21 26 -35 -95
59 80 22 100
98 -87 32 -43
-88 13 3 -58
-11 -15 19 -41
100 -46 -45 -35
76 -51 -58 22
-50 -80 50 -94
-41 -37 -100 -35
-47 76 59 -43
99 92 64 -21
6 50 -19 82
76 -43 79 61
-95 -54 -83 5
-71 90 -88 97
-10 -57 99 82
57 14 -33 21
-73 8 -28 76
-97 100 -62 56
30 -73 48 -9
-71 27 67 -22
77 -41 44 60
63 -69 -93 -88
55 36 46 24
