1984
1 150
999850 1000000
721911 722317
615514 616225
423361 424149
234610 234997
199245 200032
505450 506052
136534 137205
757293 757459
794000 794127
849413 849583
713312 714306
336649 337445
762276 762465
591057 591848
543685 544249
749587 750331
715450 715595
876857 876969
524069 524403
119960 119999
951838 952506
135689 136195
801743 802597
178703 178902
772978 773023
552009 552272
452997 453557
335330 335723
604004 604855
844154 844857
710572 710785
971667 972214
249151 249336
983171 983431
464180 464569
470290 470680
197164 197837
676533 676600
927702 927990
765743 766630
946122 946212
304698 304900
231796 231928
881124 881156
527429 527758
494634 495052
920001 920605
874925 875223
827144 827837
329724 330538
742890 743528
470495 471063
114981 115545
119970 120465
263272 263871
885336 885575
840460 841156
718495 718707
143829 144527
703499 704353
763435 763929
426950 426986
699510 700076
930259 930508
663708 663894
656692 657657
836084 836460
657418 657440
158338 158485
117173 117535
597165 598152
117741 118357
542191 542496
296389 297012
451275 451971
208889 209569
639843 640579
426516 427220
254141 255060
958345 958430
282948 283134
155916 156401
798392 798842
361381 361494
374711 375206
137665 138048
195668 196228
926919 927287
648542 649522
223414 224165
481543 482470
831610 832262
402097 402707
588106 588924
217804 217878
648031 648584
566574 567080
294717 294819
269701 270316
913849 914615
171546 171969
755858 756668
885001 885828
187724 188264
216737 217499
459236 459605
248790 248973
637966 638179
859712 859770
976589 976810
611212 611271
130069 130772
836111 836686
437001 437244
763828 764639
368358 368473
587595 587675
410487 411280
850067 850780
140033 140941
868927 869119
484051 484182
614466 615382
843199 843551
675969 676581
408665 409088
774485 774900
212582 213475
514294 514853
230744 231407
312357 312920
384649 385416
288229 289111
639937 640363
827948 828928
647131 648070
509479 510347
855045 855634
451374 451475
924050 924862
450987 451006
583389 583700
824027 824223
834099 834604
491895 492625
305184 305254
382335 382657
536194 536791
297565 297896
617581 618462
567186 567985
391340 391459
653175 653295
621536 621661
624528 625463
771693 772331
307529 307867
789806 789920
636981 637972
952160 952731
510005 510724
620946 621266
747374 748119
793251 793890
233167 233939
296625 297391
323592 323679
754127 755006
297424 297908
663830 664666
136104 136534
421465 422388
484728 485319
895476 895966
576353 577189
525725 525974
801910 802127
419884 420267
182046 182064
928322 928654
332820 333693
234393 235040
853696 853907
374275 375219
325735 326523
239145 239391
338860 338935
275522 276223
253372 254298
695048 695574
208000 208456
229920 230262
110284 111229
374284 374940
151373 151784
638707 639028
842296 842385
110150 110878
758040 758691
212939 213417
419469 420069
336084 336463
141814 142176
631585 631738
352175 353056
683525 683710
498481 498897
683150 684116
969004 969992
226589 226868
426003 426201
614856 615462
374165 374509
760504 760826
103592 104425
428899 429364
102019 102463
124540 125492
482593 483061
304507 305354
591588 592534
441421 442094
187236 187968
867381 868176
523580 523760
322739 323390
553751 554004
502816 503603
134277 134704
171477 172181
673370 673444
358302 359061
403055 403202
959627 960465
153599 153974
230917 231062
274309 275117
772506 772684
815868 815918
639797 640678
808607 808940
684703 685532
857692 858677
813889 814393
346773 346864
430653 430746
402355 403311
854623 855345
517915 518080
385669 386110
675844 676276
469599 470489
212748 212753
822406 822750
336116 336738
228587 228649
118346 119111
692221 692563
570173 571085
629195 629483
625828 626790
783817 784364
310077 310440
543929 544585
454661 454948
941073 941331
990417 990775
479879 480502
350065 350713
133815 134041
535005 535511
795736 796153
446858 447198
646043 646360
476610 476883
781435 782404
465230 465401
971166 971747
244279 245155
998889 999838
444342 445250
180073 180820
375077 375203
131223 131429
235202 235344
951156 951644
344075 344191
580471 581239
776981 777117
858482 858932
199103 199834
507394 507547
488829 489727
811549 811985
373336 373532
125929 126497
598795 599431
813716 814022
713687 713984
781400 781753
883479 884077
590266 590665
810162 810436
729934 730366
280770 281604
909608 910266
241256 242144
587431 588425
520060 520990
555967 556399
143976 144827
758528 758563
247153 247168
463866 464115
869942 870916
347602 347744
231048 231604
402499 402883
793080 793332
289698 290151
224606 225045
200792 201449
675311 676033
208291 208605
545955 546325
482550 483396
952403 953221
987307 987636
856822 857145
872835 872879
878008 878279
707321 707611
970286 970762
641721 642318
671912 672166
691492 691944
320558 320736
808343 808723
918102 918978
919446 919689
552922 553025
266220 266509
790020 790331
940643 941458
691386 692013
258772 258795
425011 425697
401143 401835
849069 849263
232375 233277
404318 404426
112123 112732
527441 527780
431512 431683
353150 353358
552977 553033
759248 760161
402272 403110
967920 968808
520407 521147
516064 516977
743896 744739
673919 674856
622387 623286
253718 253886
802597 803108
918830 919239
278515 278907
384274 384642
445774 446212
821542 821965
871468 872436
452306 452474
162948 163891
695946 696246
625292 625438
211471 212010
592327 592555
303605 303796
229263 229428
456698 457669
105174 105803
324423 325359
996732 997654
770284 770850
656382 656632
692533 693387
216847 217324
429775 430368
616837 617579
535546 536410
757141 757675
947484 947708
480819 481266
858661 859177
214310 214869
211851 212738
441632 441857
782811 783689
396314 397147
179117 179864
200508 201213
930289 930394
919757 920416
185727 186301
236663 236920
883503 883633
287248 287335
335670 335779
931072 931411
160273 161141
437923 438773
133211 133337
680469 680870
259797 260014
715715 716565
576705 577581
960522 960742
149049 149684
367264 367540
652266 652471
169548 170341
740137 740698
494789 495230
707001 707748
387197 387654
942809 943783
119513 119599
813140 813543
811831 812592
905343 905963
365490 366453
344308 344916
574866 575809
253921 254073
547688 548135
739812 740521
352558 352562
317697 317916
491171 491358
268177 268203
403740 404421
155851 156181
600614 601283
835616 836572
926494 927165
429943 430723
879335 879608
749806 749955
476263 477222
733577 734230
185434 186346
345427 345845
715166 715444
639977 640114
730244 730529
329041 329259
199327 199592
998163 998456
509926 510183
433689 434685
535062 535685
740092 740363
499274 500272
832136 832869
711369 711737
144559 145513
273295 273417
170213 170532
586378 587303
342211 343139
435902 436041
937384 938200
295150 295610
270056 270510
497152 497771
147262 148233
923511 924287
840975 841887
995390 996233
733838 734191
535626 535691
133576 134196
577625 578583
936359 936600
556145 556815
584328 585197
398739 398798
585903 586358
794756 795155
966314 966395
949803 949934
930474 931297
618533 619063
481354 481602
278875 279758
170897 170969
509304 509982
249257 250225
308149 308484
771446 772428
162787 163122
530874 531142
488860 489245
702897 703535
930502 930847
764307 764452
841414 842233
620921 621819
572903 573423
602964 603519
681618 682352
822839 823369
508630 509332
925684 926308
127590 128098
574620 575164
901883 902058
905381 906119
156848 157363
627941 628529
506550 506810
406289 407276
583069 583630
777878 778549
878116 878883
853885 853940
961434 961468
145229 145295
543027 543327
312833 313769
393078 393535
825830 826191
695682 696035
838773 839195
795657 796553
841717 842655
578804 578834
449127 449477
520238 520888
288724 288798
331051 331272
141285 142031
869620 870260
693030 693282
871945 872645
893508 894157
653946 654412
582126 582619
531213 531943
146334 147231
536281 537185
197835 198031
403687 403890
625598 626404
687484 688441
201324 201543
705023 705170
684275 685020
181362 181563
431911 432053
169173 169269
461981 462355
772423 772454
559382 560333
299774 300105
348088 349076
306740 307159
427633 427648
156885 157843
452461 452726
146397 147073
931895 932284
850194 850896
993268 993955
771402 771639
299621 300552
124272 125240
828999 829677
281853 281876
838948 839342
211175 211467
231097 231679
297149 297304
491476 492260
669743 670033
653061 653561
901379 902318
409994 410302
724199 724292
352689 353257
808135 808335
594277 594892
631610 631729
937135 937483
130760 131216
613159 613735
771769 771795
832531 832604
364999 365486
812252 812509
757451 757825
548501 548790
840509 841376
840932 841675
428915 429635
296090 296923
864819 865334
327123 327206
186253 186587
307895 308017
781206 781777
995926 996293
609722 610240
779640 779767
395812 396606
876387 877354
601939 602412
470648 471015
137735 138501
506656 507358
528245 528608
680106 680326
131654 132109
861090 861373
926163 926765
111156 111781
111493 111845
228074 228942
754182 755108
707605 708146
693309 694270
381463 382417
724904 725382
744931 744932
250724 251569
485285 485328
613176 614084
774950 775374
425683 425692
359178 359782
658013 658048
890948 891102
371488 372248
788505 788864
392543 392940
612344 612863
389282 389359
344140 344652
244223 245095
245071 245923
737152 737706
652294 653070
901594 902542
903821 904108
830500 831172
494288 495098
808372 808726
141154 141603
103609 103767
774397 775235
312421 313196
749581 750347
708832 709296
533673 533961
326185 327041
308946 309779
297922 298064
536449 536568
186104 186568
473011 473336
765399 765666
400590 401196
697667 697914
803063 803957
432061 432481
580171 581076
484975 485024
729908 730498
375675 376307
856180 857073
907214 907387
142355 142463
189850 190402
865865 866427
702918 703736
125907 126221
180874 181403
854450 855397
526171 526921
646877 647367
851828 852568
221906 222729
457458 457998
155404 155487
817444 818260
292556 293246
836004 836589
848523 848996
846629 846824
985163 985654
484888 485638
644065 644404
279298 279301
158699 159423
653950 654223
631920 632637
759171 759799
151573 152557
619641 619990
790017 790594
692371 693246
179551 180393
701614 701732
213542 213548
487358 488322
606309 607190
834080 834693
703279 703364
838661 839036
156395 156898
499269 499927
625943 626205
607379 607982
724254 724553
268992 269764
245946 246333
832667 832858
613388 614108
340798 341312
849560 850560
210763 210776
899039 899603
891738 892097
735102 735781
682082 682194
991147 991562
627998 628725
826600 827572
534127 534216
706249 706584
169145 169502
116719 117656
455642 455731
675917 676743
613204 613845
917616 918615
328500 328791
309895 310509
801589 802406
998311 998654
607978 608868
147916 148152
973496 974396
540636 541006
714800 714945
657784 658013
147075 148043
310675 311299
812235 812608
379750 379923
398949 399306
398174 398630
625986 626758
982317 982617
292727 293463
774421 774908
698739 699240
303421 304104
521082 521349
567752 568003
972099 972570
729117 729470
551051 551824
440570 441288
647554 648155
702798 703040
372987 373122
121638 122369
303536 304114
834548 834602
831691 832439
656447 657293
599844 600673
119584 119890
244533 244825
964094 964805
262498 263378
380274 380482
846747 847676
556110 556719
366686 366997
876313 877279
372656 373467
287347 287984
772584 772986
691944 692371
855568 856202
816780 817040
162209 162614
118229 118756
602641 603563
547434 548241
368664 369022
893743 893827
462228 463075
788684 788738
965221 965974
500460 501065
781230 781982
932283 932534
107118 107161
642451 643179
820960 821238
947156 947372
182592 183098
476443 476825
621221 621669
988376 989154
768624 768802
120857 121197
647549 648076
573870 574035
710544 711209
992574 992833
228799 229612
560334 560730
441054 442046
475708 475754
710711 710825
529000 529027
382962 383482
743677 744140
719505 720474
988560 988825
707412 708332
890961 891471
376863 377595
706490 706604
918909 919044
647118 647121
480265 481220
562365 562954
489123 489468
824470 824756
977061 977348
256871 256946
184478 184679
369844 370095
250004 250704
337247 337888
238770 239246
803083 803134
593012 593335
506422 507346
625945 626216
229789 230680
475011 475957
299872 300088
863613 863830
563952 563977
670015 670382
335152 335488
494649 494801
754065 754329
430789 431307
648991 649649
308996 309068
208700 209397
155209 155312
190828 190880
958958 959687
114618 114682
425157 425505
988709 989613
573629 574070
522653 523227
310442 310804
321594 322449
445277 445286
535159 535878
869006 869314
953374 953546
668396 668608
163392 164189
817246 817719
662107 662526
386779 387171
469079 469276
170802 171238
787888 788579
169840 170693
901415 902257
147581 148541
312123 312366
461355 462043
162343 163112
277448 278125
255875 256522
244913 245043
324206 325203
218987 219777
438339 439021
558552 558990
323397 323543
525411 525776
378949 379551
516352 517246
473433 474069
698812 699451
894138 894684
461072 461765
719882 720864
543300 544022
212241 212271
696640 697060
166290 167178
228382 228716
538336 538347
379277 379700
576411 576523
109695 110298
516661 516744
369211 369481
505663 506556
784251 785145
548181 548434
834319 834710
155593 156024
123558 124274
401203 402162
302971 303877
808102 808555
315183 315460
543414 544174
700027 700376
359037 359877
681981 682513
429860 430443
427949 428585
677442 678360
443129 443205
984577 984962
342435 343325
871155 871506
535899 536342
615122 615173
665011 665667
216196 216466
227782 227898
254103 254884
386178 387087
643228 644133
119899 120413
270371 270947
889186 889853
499190 499999
112322 112815
692712 693604
979280 979998
453646 454475
556557 556697
166464 166554
630950 631159
705686 705815
926007 926105
726931 727001
650703 650960
978234 978879
582835 582876
660072 660933
702828 702959
493085 493753
725765 725899
851253 851582
478558 479069
299037 299630
560710 561520
708391 708958
623799 624505
515594 515635
417724 418227
937948 938553
678775 678797
267960 268001
284086 284406
628954 629121
527420 528111
879735 880419
430881 431388
217936 218742
693643 693825
551605 552137
581820 581899
983005 983595
241850 242580
901719 902682
915599 915712
984438 984787
352516 353049
916650 917349
406743 407338
248718 249213
833374 834048
953593 954521
558756 559403
739233 740063
758139 758418
727577 727658
823711 824526
190330 190473
303075 304066
558348 558995
149736 150505
598246 598624
420562 421106
885848 886432
370680 371513
868669 868977
940216 940911
175920 175982
526160 526984
747792 748695
660521 661095
444426 445307
233688 234481
738037 738255
986683 987607
243353 243802
944682 944924
324320 324674
605111 605119
674609 675569
293928 294703
239926 240336
168743 169248
473641 474237
456568 456835
476736 477727
955867 956320
318360 318363
280576 281545
532938 533573
838431 839410
988460 988960
113319 113706
834102 834436
626509 626878
258478 258525
292337 292853
862905 863327
425914 426564
549101 549508
386454 387032
271937 271972
560050 560575
780477 780729
211840 212059
143675 143913
853741 854666
203397 204252
683017 683087
354367 354634
802088 802751
394066 394083
401088 401869
879493 880203
520168 520540
943991 944765
696161 696647
139847 139887
436462 436686
901253 901259
722572 723552
453004 453713
419096 419979
547184 547642
669676 670383
430517 431102
517747 518621
585435 585706
737371 737832
956349 956928
304673 304775
950361 950479
355675 356133
815969 816152
211001 211437
646070 646093
851120 851888
909067 909600
767856 767977
177879 178501
258517 258786
552155 553067
394415 395078
357682 358258
545124 545950
791350 791806
656261 656413
948195 948977
833548 834082
794744 795505
117893 118772
989221 989898
601731 601804
777800 778493
236406 237286
926645 927235
287935 287981
254836 255229
244123 244224
687179 687558
912114 912845
628770 629409
750247 750309
101157 101416
776588 776631
726327 726942
782813 783612
508611 509561
343483 344238
109634 109693
941255 941897
767251 767894
191896 192716
227229 228008
457596 458322
935581 935720
722457 722480
175014 175890
953997 954731
690252 690310
460560 460678
768523 768925
295455 296239
460684 461025
208024 208120
870049 870663
319550 320011
614419 614706
595266 596106
684620 684789
801094 801192
550637 551133
488602 489098
404854 405138
526220 526932
523090 523433
588434 588926
656725 657528
799776 800433
813386 813410
929928 930605
624166 624664
154791 155251
171653 171937
140971 141161
497190 498049
866682 867186
216313 217214
601756 601844
475641 476499
479168 479223
716024 716869
326474 326545
563191 563775
331100 331326
997483 998271
924687 925506
585549 586337
129607 129814
507015 507898
677047 677664
283282 283797
806627 806845
832789 833056
873671 874643
262269 262444
828879 828972
703135 703686
499874 500332
975946 976233
601318 602185
927561 927878
587287 587426
971936 972467
256945 257153
892071 892835
784492 784859
929914 930480
208378 209373
489686 490149
699724 700115
167595 168179
127389 128283
846764 847106
900353 900377
848767 848958
571740 572083
364705 365092
640785 641211
384132 384870
386049 386592
885727 886195
183929 184041
936489 936676
341196 341900
928357 928694
766488 767259
921008 921439
875029 875811
152042 152085
861174 861676
528147 528739
715967 716372
370918 371420
336633 336916
871539 872122
817962 818660
169404 170183
189959 190485
912486 912899
489795 490638
575493 575896
946466 946559
720620 721055
190357 191275
795098 795905
738516 739048
400241 400602
145361 145363
899831 899915
472386 473334
245657 245745
869247 869491
491695 492227
574893 575021
246756 246903
479408 479857
282490 282672
349077 349947
117827 118110
474936 475260
294929 295238
857357 857765
468293 468716
861067 861515
796378 796865
745762 746634
193251 193320
197258 197721
261549 262045
375278 375818
269764 270336
315889 316792
567196 567489
507653 507657
877390 878187
546367 546800
511338 511795
261023 261861
432381 432530
966080 966417
993224 994208
259727 260482
933315 934178
559132 559375
753128 753188
681148 681777
501858 502588
942323 942707
952943 952978
853449 854071
334784 335281
813725 814019
550310 551256
217863 218618
948993 949940
457017 457848
378897 379322
407695 408659
109090 109462
290227 290972
771519 771864
133533 134039
594963 594986
932351 933095
764671 764757
981258 981296
118896 119379
682454 683353
898381 898992
585999 586964
430221 431137
961462 961845
225647 225661
733345 734218
798121 798958
468648 469159
436825 437354
677164 678032
839095 840066
676353 676464
719480 720091
884913 885350
865515 865948
658504 659030
151805 152672
445874 446842
290387 290922
254043 254092
469314 469762
821335 821819
912156 912348
407743 408346
905562 906359
499645 500580
876935 877453
940382 940692
728956 729112
271282 272258
960437 961040
789926 790144
137565 137700
962783 962795
654104 654950
308782 309095
723406 723726
813161 813287
129404 130007
516488 517149
155106 156001
474095 474513
665492 665889
940999 941802
769012 769241
325983 326769
989852 990144
549007 549290
755045 755879
924068 925031
445853 446290
522828 523056
760676 760859
190608 190852
410514 410780
843183 843485
354107 354349
201127 201466
677102 677934
496117 496718
275471 275814
820541 821060
662090 662948
474436 475122
424459 424870
273651 273865
246978 247114
465594 466459
324390 324853
946013 946518
452588 453380
529291 529536
166220 166358
888709 889416
944864 945641
761424 762342
708658 708826
981657 981761
391175 392041
645683 646683
877317 877558
540405 541173
803906 804892
948556 949016
816325 816964
388783 389141
103878 104735
809797 810678
752402 752685
875291 875787
696763 697688
511984 512093
359011 359326
852672 853522
993225 993665
583724 584040
595282 595779
243072 243759
821151 822056
496312 497295
930360 931111
569347 570314
800814 801042
727475 727538
656267 656834
206112 207111
459740 460096
450313 450579
661767 662514
946184 946270
617569 618238
424845 425324
461279 461811
885505 885607
854247 855006
953698 953795
756722 757395
808973 809662
319426 319820
775894 776233
803865 804328
413437 413818
950562 951444
624427 624988
159692 159984
794667 794935
654296 654891
770020 770500
660450 660643
856809 857021
512860 513101
504004 504423
444068 444585
661624 662297
656787 657386
503175 503538
705424 706381
727024 727833
837850 837929
829352 830335
555989 556934
271212 272071
515620 516351
347817 348811
197186 197808
243391 244326
936925 937844
729378 729767
402695 403195
757161 757165
527269 527358
417493 417961
826851 827607
609220 609835
469412 469460
581935 582024
336043 336341
265736 266164
159620 160306
421696 422329
434114 434768
380298 381256
327701 327939
920698 920972
206499 206897
246966 247567
370904 371730
397096 397660
115429 115647
946173 946289
168926 169104
222724 222818
505590 506384
886943 887203
439435 440396
620276 620696
317165 318066
782359 783006
729687 730023
913656 913819
134999 135134
245576 245586
459762 459925
678772 679160
443188 443300
607784 608400
247240 247261
187360 187864
271001 271109
326014 326103
875545 876406
348316 348593
224617 225320
351256 352149
749585 749625
579937 580258
392382 393341
980427 981014
420025 420558
981442 981496
649387 649907
403131 403320
131590 131890
254184 255103
101762 102146
763037 763857
715478 716036
821516 821861
662190 663047
419695 420142
130529 130910
163114 163369
773637 773867
269443 270053
473184 473248
320378 321221
568112 568314
736442 736557
751560 751748
346723 347577
992289 992488
355920 356080
521888 522154
112927 112938
428870 429297
238024 238842
132447 133258
148769 149513
913376 914340
191412 192182
218197 218360
511218 512165
939548 940225
919724 920385
296833 296927
571409 571977
186356 187105
159129 159515
937534 937898
768152 768915
322607 323129
338333 338713
888205 888942
260483 260892
774662 774669
872875 873323
201318 201522
416429 416802
134192 135120
556453 556752
381137 381751
701518 702403
243397 244180
566345 567010
174332 174762
277602 277997
162538 162663
227540 228123
227195 227545
261485 262315
363490 364227
153283 153761
424966 425371
275688 275813
983914 983983
253164 253361
291240 291800
353194 353523
628091 628742
615858 616058
830414 831397
787907 787946
824719 825657
784454 784462
507644 507724
961696 962495
327394 328093
833644 833957
422750 423418
778613 779026
390349 391298
169882 169902
490871 491345
251500 252342
358060 358983
876122 876678
997134 998132
823040 823528
146475 146501
782027 782506
326791 327456
435313 436201
635327 635778
798034 798453
111839 112712
708334 709237
966960 967767
970176 970791
997292 997946
730969 731775
397051 397130
618720 619431
701766 702718
898925 899745
203488 203923
708350 708522
694706 695687
291061 291604
705543 706326
469554 470233
194729 195716
178633 178645
503411 503804
930111 930392
422021 422405
310738 311028
324512 325029
254374 255098
258879 259572
913135 913246
444048 444232
115907 116191
235549 236059
373677 374278
744274 744557
932601 932828
890379 890504
627981 628792
997534 997830
799673 799815
953902 953916
482673 483555
400521 400952
687830 688097
613668 614558
624566 624727
814513 815356
753015 753055
363756 364118
910918 911903
915209 915703
749175 749673
874534 874552
648613 649361
397196 397739
469998 470962
915307 915558
768583 769069
411197 412042
226308 227201
600438 600596
415127 415589
960552 960764
746155 746316
701966 702849
679573 679722
496947 497627
520868 521317
706588 706647
724427 724736
880077 881003
369606 370442
732849 733198
453976 454917
740527 740765
228913 229510
665647 666299
545482 546301
420970 421816
810533 810817
156261 156377
918526 918879
884334 884438
405084 405252
139505 140346
682590 682953
608817 608930
963029 963584
127888 128698
469412 469540
299794 300503
686139 687051
859224 859863
670699 670786
404236 405234
801415 802256
779609 779725
879337 879494
370161 370399
762824 763394
400195 401041
559297 559827
190449 191279
792613 792895
308532 308635
301513 301599
677985 678085
699877 700596
623001 623186
818787 819566
391215 391876
156538 157534
880085 880657
455138 455367
381711 382682
831819 832347
809891 810211
790386 791017
352621 353546
750821 750828
507121 507615
337839 338676
114252 114916
899363 899493
971118 971231
880865 881099
481645 481841
388043 388971
728334 728895
509177 509278
588675 588709
291511 292050
429252 430088
193620 193833
930258 930377
207257 208028
244923 244986
257015 258011
590408 591342
470426 470897
926835 927303
212173 212841
734485 734823
641234 641701
372079 372857
293192 293972
356061 356084
890087 890969
515512 516307
395585 396523
249905 250600
704230 704288
618544 618767
273509 273871
160962 161131
644019 644897
856354 856396
237044 237998
335999 336300
153832 153871
246890 247879
480940 481797
766495 766633
431008 431088
538115 538416
415652 415952
379583 380392
229917 230187
770298 770927
917464 917508
142681 143648
815070 815127
410788 411033
877900 878188
436915 437739
159684 160679
438951 439569
857961 858525
287334 287399
912452 913233
524880 525773
863007 863180
950155 950849
514459 515081
108201 108859
828828 829735
620724 621541
933862 933975
331980 332934
327582 327781
161758 161894
670033 670370
469540 470503
329538 330456
692148 692399
718266 718548
680879 681175
822703 822752
966596 966879
216085 216832
766216 767201
345973 346919
448059 448978
228188 228679
315513 316014
343831 344314
270636 271460
801163 801533
110306 111304
870094 870145
684852 685214
864213 864426
971886 972310
929988 930030
990352 991260
923039 923408
465611 465759
403151 404126
839094 839931
929032 929808
757132 757317
387336 387804
193585 194541
647709 648529
247662 248415
447228 447568
199574 199799
339742 340382
413813 414753
440125 440631
808341 809288
396736 397294
980357 980454
831016 831807
859371 860199
266003 266308
941916 942803
620664 621515
732287 733160
402771 403281
335782 336227
747990 748010
171540 172133
897979 897992
529699 529957
727701 728253
305630 306290
796429 796570
175854 176679
841097 841885
283638 283973
173998 174516
500550 500844
953248 954169
153496 154414
388049 388917
327574 328271
286088 286111
278136 278977
899717 900589
871097 871938
792275 792967
783186 784082
173574 173930
768610 769272
277566 278472
510263 510991
494063 494598
393201 393670
454086 454956
288874 289685
254583 254856
579346 579990
980835 981667
117139 117866
840035 840720
129816 130503
953402 953630
109396 109658
185111 185377
522143 522482
865045 865439
259141 259262
349905 350748
659999 660810
186886 187297
269316 269445
370095 371087
441704 442277
128143 129005
985298 986112
273041 273243
873914 874826
618816 619089
550348 551226
171383 171427
519383 520240
305322 305641
170323 170944
627604 627942
878483 878716
185714 186126
293079 293609
121868 122501
650684 651359
872574 873172
665746 666010
764453 764772
171021 171366
151750 152480
479468 479858
987001 987522
468491 469413
302144 302339
351992 352787
900002 900817
881696 882418
186465 187041
986384 986989
252342 252529
910830 911082
699221 699940
363656 363824
556827 557038
235290 235573
434670 434936
319505 320073
845337 845996
677628 677932
924236 924621
797570 798463
546752 546803
354068 354926
535410 536152
927557 927962
310019 310556
590250 590531
372575 373467
919486 919701
180049 180905
419371 419832
499245 499938
110334 110516
492524 493257
224907 225447
140308 140834
120505 121160
757857 757868
625185 625292
133553 134525
144731 145686
374774 375228
362417 363359
146853 147366
897697 898114
235706 236650
342244 342437
176383 177082
482798 483686
320778 321061
157790 157898
939160 940083
210159 211156
575131 575353
842383 842388
703217 704025
375143 375739
123502 123515
364975 365221
886947 887703
855032 856032
537420 537825
127526 128111
804666 805433
481416 482109
433095 433349
909582 909904
815358 815507
123487 123539
551599 551838
720365 721002
261942 262688
585506 586423
361264 361305
401336 402130
609577 610065
729427 730341
378850 379744
442851 443512
704909 705518
783980 784156
220156 220202
110256 110748
338785 339029
271112 271473
552787 553093
499365 499971
814871 815168
853997 854173
654548 655037
