-1.0000 -1.0000
-1.1532 1.1754
Complex
-3.3996 1.0663
1.3360 -1.0121
Complex
0.3169 -0.2228
Complex
-0.2425 -0.4526
-0.9018 0.7714
-1.0108 1.6394
0.7777 -0.6062
0.5534 -1.4338
-4.7289 -0.0211
-3.0000 1.0000
0.8428 -1.6610
-0.5316 1.2474
-30.9343 -0.5657
Complex
-0.3747 0.3624
Complex
-1.3519 0.9937
-1.0798 0.6615
-1.6333 0.3761
-4.3235 -0.5654
-0.6996 1.8662
Complex
Complex
-2.3949 0.3741
1.2614 -0.2614
-0.3795 2.1363
Complex
Complex
-0.1444 1.2760
6.2835 1.5915
0.8655 -0.7624
-1.1865 0.8428
-2.4058 -1.7760
-0.9313 23.2646
-1.8153 3.9062
0.8948 -2.7432
0.9312 -0.2455
1.0552 -0.3937
0.2421 -1.2236
Complex
Complex
Complex
Complex
Complex
Complex
0.7088 -1.1356
Complex
Complex
0.7766 -0.5868
Complex
-0.2682 1.8643
1.0000 -0.0182
Complex
Complex
Complex
-1.6123 1.0567
Complex
-0.6698 -0.2986
-1.1753 0.6835
Complex
-3.6390 0.3533
-1.0773 0.9894
-1.9242 0.0821
Complex
0.1007 14.8993
Complex
-1.9060 0.7508
1.0846 -1.3271
0.1636 -3.2163
-0.0273 1.5273
-1.5396 0.5196
0.1633 -1.0000
Complex
Complex
6.5410 -0.3535
Complex
0.4496 5.4595
-0.5106 1.6973
Complex
Complex
-0.3577 1.4327
5.7228 0.3883
-5.9557 0.4557
-1.5626 0.5626
2.4006 -0.7339
Complex
-2.8538 1.1038
Complex
Complex
Complex
-0.4048 7.9603
-0.5504 0.2890
0.5471 -1.5066
-0.7779 0.5731
0.5325 -3.9536
