100
1 2 1
-45 1 61
59 -82 63
-24 -56 87
71 -23 -96
81 -95 29
85 -8 -6
-90 4 -84
82 57 9
-69 -9 48
-35 22 58
70 -12 -33
92 81 -73
-20 -95 -2
-19 -38 57
55 45 -77
-95 68 63
-2 -63 -35
-74 -25 -26
-81 -1 11
95 47 85
-67 -24 90
-98 -41 70
-70 -88 43
-18 -88 -44
-36 42 47
-71 -54 -36
-30 61 -77
-48 -97 43
94 -94 -31
-37 65 30
-40 39 -45
86 -88 99
-38 43 7
8 -63 80
97 -10 -64
-64 -22 64
-22 -92 -94
-3 67 65
-11 23 78
33 61 -81
70 -48 -16
65 -43 -27
54 53 -16
-15 -14 -91
-54 -72 -67
17 4 32
56 -73 74
-64 41 -78
12 57 74
82 35 -66
56 -32 5
86 -85 80
79 -15 -36
-73 7 -4
-52 83 26
55 -54 -1
-59 69 -36
83 -39 42
-36 27 -44
-54 -30 92
-20 -1 -8
-95 -92 -19
-61 -30 49
56 -28 14
-21 -69 27
-91 -8 97
-19 -35 3
-100 51 -25
-6 90 -9
30 -47 31
-58 -67 83
66 16 -95
19 58 -10
-24 36 1
-50 -51 40
98 82 -16
54 55 27
-92 -28 -94
16 -99 -37
-78 25 -45
-11 65 -27
-75 89 65
81 14 41
19 14 60
-80 86 41
9 -55 20
-14 -77 38
-91 -91 80
21 -35 -37
99 -14 70
-20 -35 63
32 -16 59
-80 43 -27
-46 -74 -31
-9 68 29
-88 -23 14
74 71 -61
-83 -17 37
19 65 -40
